% File generated by PSAT from PSS/E data file.
% ------------------------------------------------------------------------------
% Author:   Federico Milano
% E-mail:   fmilano@thunderbox.uwaterloo.ca
% Web-site: http://thunderbox.uwaterloo.ca/~fmilano
% Coauthor: Juan Carlos Morataya
% E-mail:   jc.morataya@ieee.org
% ------------------------------------------------------------------------------
% 
% 
% ------------------------------------------------------------------------------

Bus.con = [ ...
   1   138.00 -8.95700  0.01925  1  1;
   2   138.00 -0.98430  0.01925  1  0;
   3   138.00  1.61210  0.01925  1  0;
   4   138.00  1.66750  0.01925  1  0;
   5   138.00 -0.62840  0.01925  1  1;
   6   138.00  3.84170  0.01925  1  1;
   7   138.00  6.03000  0.01925  1  1;
   8   138.00 -2.84180  0.01925  1  1;
   9   138.00  2.65160  0.01925  1  1;
  10   138.00 -9.64460  0.01925  1  1;
  11   138.00 -7.22520  0.01925  1  1;
  12   138.00 -22.63220  0.01925  1  1;
  13   138.00 -28.65490  0.01925  1  1;
  14   138.00 10.96160  0.01925  1  1;
  15   138.00  0.01650  0.01925  1  1;
  16   138.00  0.00000  0.01925  1  1;
  17   138.00 -36.02780  0.01925  1  0;
  18   138.00 -5.80550  0.01925  1  1;
  19   138.00 -4.26410  0.01925  1  0;
  20   138.00 -5.87520  0.01925  1  0;
  21   138.00 -7.05470  0.01925  1  0;
  22   138.00 -1.80180  0.01925  1  0;
  23   138.00 -2.16140  0.01925  1  0;
  24   138.00 -9.87750  0.01925  1  0;
  25   138.00 -10.00030  0.01925  1  0;
  26   138.00 -11.02020  0.01925  1  0;
  27   138.00 -12.85790  0.01925  1  0;
  28   138.00 -7.49750  0.01925  1  0;
  29   138.00 -4.54720  0.01925  1  0;
  30   138.00 -19.71080  0.01925  1  0;
  31   138.00 -17.46480  0.01925  1  0;
  32   138.00 -15.23830  0.01925  1  0;
  33   138.00 -19.75880  0.01925  1  0;
  34   138.00 -26.11670  0.01925  1  0;
  35   138.00 -27.08930  0.01925  1  1;
  36   138.00 -28.82820  0.01925  1  0;
  37   138.00 -11.78880  0.01925  1  0;
  38   138.00 -18.76010  0.01925  1  0;
  39   138.00 -39.29100  0.01925  1  0;
  40   138.00 -13.64070  0.01925  1  1;
  41   138.00  9.42670  0.01925  1  0;
  42   138.00 -0.84380  0.01925  1  0;
  43   138.00 -37.90970  0.01925  1  0;
  44   138.00 -37.98720  0.01925  1  0;
  45   138.00 -29.36330  0.01925  1  1;
  46   138.00 -20.53200  0.01925  1  0;
  47   138.00 -19.49830  0.01925  1  1;
  48   138.00 -18.37680  0.01925  1  1;
  49   138.00 -19.82020  0.01925  1  0;
  50   138.00 -19.05250  0.01925  1  1;
  51   138.00 -27.28880  0.01925  1  1;
  52   138.00 -12.83420  0.01925  1  0;
  53   138.00 -18.93800  0.01925  1  0;
  54   138.00 -11.53780  0.01925  1  0;
  55   138.00 -13.21870  0.01925  1  0;
  56   138.00 -11.96010  0.01925  1  0;
  57   138.00 -11.21370  0.01925  1  0;
  58   138.00 -10.40300  0.01925  1  0;
  59   138.00 -13.31180  0.01925  1  0;
  60   138.00 -14.03760  0.01925  1  0;
  61   138.00 -23.22310  0.01925  1  0;
  62   138.00 -7.31250  0.01925  1  0;
  63   138.00 -8.37070  0.01925  1  0;
  64   138.00 -8.37780  0.01925  1  0;
  65   138.00 -8.18550  0.01925  1  0;
  66   138.00 -10.19170  0.01925  1  0;
  67   138.00 -11.43060  0.01925  1  0;
  68   138.00 -10.07200  0.01925  1  0;
   ];

SW.con = [ ...
  16    0.00   0.00  0.00000 0.00  0.00000  0.00000 1.1 0.9  0.00000 1];

PQ.con = [ ...
   3  100.00   138.00  0.00000  0.50000 1.1 0.9 1  1;
  17  100.00   138.00 60.00000  3.00000 1.1 0.9 1  1;
  18  100.00   138.00 24.70000  1.23000 1.1 0.9 1  1;
  20  100.00   138.00  6.80000  1.03000 1.1 0.9 1  1;
  21  100.00   138.00  2.74000  1.15000 1.1 0.9 1  1;
  23  100.00   138.00  2.48000  0.85000 1.1 0.9 1  1;
  24  100.00   138.00  3.09000 -0.92000 1.1 0.9 1  1;
  25  100.00   138.00  2.24000  0.47000 1.1 0.9 1  1;
  26  100.00   138.00  1.39000  0.17000 1.1 0.9 1  1;
  27  100.00   138.00  2.81000  0.76000 1.1 0.9 1  1;
  28  100.00   138.00  2.06000  0.28000 1.1 0.9 1  1;
  29  100.00   138.00  2.84000  0.27000 1.1 0.9 1  1;
  33  100.00   138.00  1.12000  0.00000 1.1 0.9 1  1;
  36  100.00   138.00  1.02000 -0.19460 1.1 0.9 1  1;
  39  100.00   138.00  2.67000  0.12600 1.1 0.9 1  1;
  40  100.00   138.00  0.65630  0.23530 1.1 0.9 1  1;
  41  100.00   138.00 10.00000  2.50000 1.1 0.9 1  1;
  42  100.00   138.00 11.50000  2.50000 1.1 0.9 1  1;
  44  100.00   138.00  2.67550  0.04840 1.1 0.9 1  1;
  45  100.00   138.00  2.08000  0.21000 1.1 0.9 1  1;
  46  100.00   138.00  1.50700  0.28500 1.1 0.9 1  1;
  47  100.00   138.00  2.03120  0.32590 1.1 0.9 1  1;
  48  100.00   138.00  2.41200  0.02200 1.1 0.9 1  1;
  49  100.00   138.00  1.64000  0.29000 1.1 0.9 1  1;
  50  100.00   138.00  1.00000 -1.47000 1.1 0.9 1  1;
  51  100.00   138.00  3.37000 -1.22000 1.1 0.9 1  1;
  52  100.00   138.00  1.58000  0.30000 1.1 0.9 1  1;
  53  100.00   138.00  2.52700  1.18560 1.1 0.9 1  1;
  55  100.00   138.00  3.22000  0.02000 1.1 0.9 1  1;
  56  100.00   138.00  2.00000  0.73600 1.1 0.9 1  1;
  59  100.00   138.00  2.34000  0.84000 1.1 0.9 1  1;
  60  100.00   138.00  2.08800  0.70800 1.1 0.9 1  1;
  61  100.00   138.00  1.04000  1.25000 1.1 0.9 1  1;
  64  100.00   138.00  0.09000  0.88000 1.1 0.9 1  1;
  67  100.00   138.00  3.20000  1.53000 1.1 0.9 1  1;
  68  100.00   138.00  3.29000  0.32000 1.1 0.9 1  1;
   ];

Shunt.con = [ ...
   1  100.00   138.00 60  0.00000  0.05000  1;
   2  100.00   138.00 60  0.00000  0.10000  1;
   3  100.00   138.00 60  0.00000  0.09000  1;
   4  100.00   138.00 60  0.00000  0.07000  1;
   5  100.00   138.00 60  0.00000  0.10000  1;
   6  100.00   138.00 60  0.00000  0.08000  1;
   7  100.00   138.00 60  0.00000  0.08000  1;
   8  100.00   138.00 60  0.00000  0.09000  1;
   9  100.00   138.00 60  0.00000  0.09000  1;
  10  100.00   138.00 60  0.00000  0.08000  1;
  11  100.00   138.00 60  0.00000  0.07200  1;
  12  100.00   138.00 60  0.00000  0.05000  1;
  13  100.00   138.00 60  0.00000  0.12000  1;
  14  100.00   138.00 60  0.00000  0.06900  1;
  15  100.00   138.00 60  0.00000  0.06900  1;
  16  100.00   138.00 60  0.00000  0.16500  1;
   4  100.00   138.00 60  0.00000  0.01000  1;
   ];

